7860.00
6838.33
2022.67
8725.00
2247.33
4146.67
8293.00
1749.33
1172.33
99.00
10872.00
7623.67
9811.33
10874.33
2635.33
5399.33
4978.33
9139.33
1269.00
9351.67
9452.67
8267.33
43.67
10491.00
1207.00
8341.67
5565.00
6670.00
4672.00
7711.67
9924.00
116.00
6664.00
5359.33
1354.67
10515.67
417.00
1234.33
2818.00
4321.67
7878.33
7196.00
2315.00
6867.67
1417.00
10186.67
4656.33
3045.33
1082.67
9497.33
2950.00
2357.00
6425.33
4220.00
1226.67
5174.00
6248.33
9051.00
6624.00
5706.67
9284.00
7312.00
2387.67
8823.33
570.67
6731.67
5806.67
10536.67
6817.33
8551.33
3881.33
6670.33
770.33
886.67
1913.00
1380.33
2630.67
5358.33
10587.33
3574.67
10232.33
3935.33
10125.00
4757.00
6809.33
4382.00
1067.00
2797.00
5733.00
5715.67
5503.00
10536.00
9681.00
1914.33
8160.00
4506.33
7460.00
3737.00
6996.67
3894.67
